2022056242, 100, 50, 5
--------------------------------------------------

Dados Construidos!
--------------------------------------------------

Custo total              :    268996.00.
Tempo execucao           :         0.55 s.
facilidades : demanda : clientes 
          1 :    1079 :  9 14 17 23 25 32 34 41 43 53 55 57 63 66 67 71 74 81 88
         12 :    1439 :  3 4 5 6 8 10 12 20 21 22 26 36 39 42 45 52 54 60 64 65 69 70 73 83 84 86 92 100
         24 :     908 :  2 7 27 29 31 37 40 44 47 48 61 68 75 80 90 91
         37 :    1245 :  13 24 28 30 33 35 46 49 50 51 59 76 77 78 79 82 85 87 89 93 95 96 97 98 99
         41 :     634 :  1 11 15 16 18 19 38 56 58 62 72 94
--------------------------------------------------

Facilidades instaladas (y): [0 0 0 0 0 0 0 0 0 0 1 0 0 0 1 0 0 0 0 0 0 0 0 0 0 0 1 0 1 0 1 0 0 0 0 0 0
 0 0 0 0 0 0 0 0 0 0 0 0 0]
Custo:  483227.0
Tempo execucao           :       0.0021 s.
facilidades : demanda : clientes
         11 :     827 :  1 11 15 16 28 33 38 49 58 62 72 82 93 94 95
         15 :     963 :  2 7 13 29 31 37 47 48 51 61 68 75 76 80 90 91
         27 :     779 :  5 6 8 10 20 21 22 26 36 52 54 64 65 69 70 84
         29 :     933 :  24 27 30 35 40 44 46 50 59 77 78 79 85 87 89 96 97 98 99
         31 :    1803 :  3 4 9 12 14 17 18 19 23 25 32 34 39 41 42 43 45 53 55 56 57 60 63 66 67 71 73 74 81 83 86 88 92 100
--------------------------------------------------

Iteração 99: Melhoria encontrada. Novo custo: 469967.00
 Melhoria encontrada: Custo 483227.00 -> 469967.00
Tempo execucao           :       0.0063 s.
--------------------------------------------------

GAP:  -74.71151987390147
--------------------------------------------------

Tempo execucao           :       0.8217 s.
2022056242, 200, 50, 5
--------------------------------------------------

Dados Construidos!
--------------------------------------------------

Custo total              :    568340.00.
Tempo execucao           :         6.55 s.
facilidades : demanda : clientes 
         14 :    1719 :  14 16 19 23 38 51 53 60 66 67 80 82 95 97 98 99 110 115 118 123 126 127 130 139 146 152 157 159 161 171 175 178 184
         15 :    1923 :  6 7 17 20 34 35 36 40 45 52 54 55 56 64 74 78 79 84 90 102 106 107 108 113 117 121 128 138 143 149 154 163 166 182 192 195
         17 :    1919 :  2 4 5 8 9 26 33 37 43 47 48 49 57 63 65 69 81 87 92 100 101 104 129 134 144 150 153 155 158 165 169 173 180 186 188
         20 :    2558 :  11 18 21 22 25 27 30 32 41 46 61 70 71 72 73 77 85 86 93 96 103 109 111 116 119 120 125 136 137 140 142 148 151 160 162 167 170 176 179 181 185 187 190 191 193 194
         23 :    2554 :  1 3 10 12 13 15 24 28 29 31 39 42 44 50 58 59 62 68 75 76 83 88 89 91 94 105 112 114 122 124 131 132 133 135 141 145 147 156 164 168 172 174 177 183 189 196 197 198 199 200
--------------------------------------------------

Facilidades instaladas (y): [0 0 0 0 1 0 0 1 0 0 0 0 0 0 0 0 0 0 0 0 0 0 0 0 0 0 0 0 0 0 0 0 0 0 0 0 1
 0 0 0 0 0 1 0 0 0 0 0 0 1]
Custo:  790883.0
Tempo execucao           :       0.0044 s.
facilidades : demanda : clientes
          5 :    2751 :  5 9 11 26 27 30 37 41 43 47 48 49 61 65 69 73 81 85 87 92 93 96 100 104 109 111 119 137 148 151 153 155 158 160 162 165 166 169 170 180 188 190 191 193 194
          8 :    1032 :  6 7 34 36 45 52 64 78 79 90 97 110 117 143 149 154 157 159 163 178 195
         37 :    1492 :  2 4 8 17 20 33 35 40 54 55 56 57 63 74 84 101 102 107 108 113 121 128 129 134 138 144 150 173 182 186 192
         43 :    2710 :  10 14 15 16 19 23 24 28 29 31 38 39 51 53 60 62 66 67 76 80 82 83 89 94 95 98 99 105 106 114 115 118 123 126 127 130 131 132 139 146 152 161 164 171 183 184 189 196 197
         50 :    2688 :  1 3 12 13 18 21 22 25 32 42 44 46 50 58 59 68 70 71 72 75 77 86 88 91 103 112 116 120 122 124 125 133 135 136 140 141 142 145 147 156 167 168 172 174 175 176 177 179 181 185 187 198 199 200
--------------------------------------------------

Iteração 199: Melhoria encontrada. Novo custo: 717282.00
 Melhoria encontrada: Custo 790883.00 -> 717282.00
Tempo execucao           :       0.0122 s.
--------------------------------------------------

GAP:  -26.206496111482565
--------------------------------------------------

Tempo execucao           :       6.7334 s.
2022056242, 300, 100, 7
--------------------------------------------------

Dados Construidos!
--------------------------------------------------

Custo total              :    705942.00.
Tempo execucao           :        34.01 s.
facilidades : demanda : clientes 
         11 :    2329 :  17 19 26 35 41 49 54 74 77 82 89 90 91 98 105 122 130 137 143 148 155 156 178 198 199 200 205 206 219 225 237 247 249 263 264 266 269 272 279 289 290 296
         14 :    2354 :  1 10 12 21 25 37 39 48 50 56 57 58 64 69 73 85 86 108 111 116 118 120 123 142 162 163 165 168 172 173 175 185 186 191 192 202 207 212 216 229 232 233 235 238 245 251 259 271 277 278 287 291 295 298
         22 :    1786 :  32 36 40 55 59 62 68 84 87 96 101 115 117 121 138 140 144 150 159 160 161 169 179 187 197 226 227 228 239 246 248 252 253 255 261 284 288
         57 :    1791 :  2 8 20 46 63 70 93 103 114 126 134 135 139 145 147 176 181 234 241 242 244 260 270 273 276 281 285 292
         62 :    3137 :  3 5 9 11 13 14 15 18 22 23 27 31 38 42 43 45 53 65 66 71 76 79 81 88 92 97 102 104 107 113 119 127 131 136 151 164 166 170 174 180 182 183 188 189 190 193 203 204 218 222 223 236 258 262 268
         66 :    2623 :  4 16 28 30 33 34 47 61 67 72 78 80 83 94 99 100 106 125 132 133 141 154 157 158 167 171 177 184 196 208 209 211 213 217 221 231 240 243 257 265 267 275 282 286 293 297 300
         82 :    1752 :  6 7 24 29 44 51 52 60 75 95 109 110 112 124 128 129 146 149 152 153 194 195 201 210 214 215 220 224 230 250 254 256 274 280 283 294 299
--------------------------------------------------

Facilidades instaladas (y): [0 0 0 0 0 0 0 0 0 0 0 0 0 0 0 0 1 0 0 0 0 0 1 0 0 0 0 0 0 0 0 0 0 0 0 0 0
 0 0 0 0 0 0 0 0 0 0 0 0 0 0 0 1 1 0 0 0 0 0 0 0 0 0 0 0 0 1 0 1 0 0 0 0 0
 0 0 0 0 0 1 0 0 0 0 0 0 0 0 0 0 0 0 0 0 0 0 0 0 0 0]
Custo:  1510894.0
Tempo execucao           :       0.0128 s.
facilidades : demanda : clientes
         17 :    3216 :  4 17 30 33 34 35 49 61 72 74 80 83 89 91 94 99 100 103 122 125 130 133 137 143 154 155 156 157 158 171 184 196 198 205 206 208 209 213 217 221 231 240 243 249 257 260 266 279 281 282 286 290 293 297
         23 :      42 :  180
         53 :    5671 :  1 3 5 9 10 11 12 13 14 15 18 21 22 23 25 27 31 32 37 39 42 45 48 50 53 56 57 58 59 62 65 66 71 73 76 79 81 84 86 87 88 92 97 102 104 107 108 111 113 115 116 119 121 123 127 131 136 142 144 151 159 162 164 165 166 168 169 170 172 173 174 175 179 182 183 185 188 191 192 193 202 203 204 207 212 216 218 223 227 228 229 232 235 236 238 239 245 246 252 253 255 258 259 261 265 268 277 287 288 295 298
         54 :      93 :  167
         67 :      28 :  47
         69 :    1790 :  19 26 38 41 54 64 69 77 82 85 90 98 105 118 120 148 163 178 186 190 199 200 219 225 233 237 247 251 263 264 269 271 272 278 289 291 296
         80 :    4932 :  2 6 7 8 16 20 24 28 29 36 40 43 44 46 51 52 55 60 63 67 68 70 75 78 93 95 96 101 106 109 110 112 114 117 124 126 128 129 132 134 135 138 139 140 141 145 146 147 149 150 152 153 160 161 176 177 181 187 189 194 195 197 201 210 211 214 215 220 222 224 226 230 234 241 242 244 248 250 254 256 262 267 270 273 274 275 276 280 283 284 285 292 294 299 300
--------------------------------------------------

Iteração 299: Melhoria encontrada. Novo custo: 1370142.00
 Melhoria encontrada: Custo 1510894.00 -> 1370142.00
Tempo execucao           :       0.0346 s.
--------------------------------------------------

GAP:  -94.08704964430505
--------------------------------------------------

Tempo execucao           :      34.4768 s.
2022056242, 400, 100, 7
--------------------------------------------------

Dados Construidos!
--------------------------------------------------

Custo total              :    918048.00.
Tempo execucao           :        41.88 s.
facilidades : demanda : clientes 
          2 :    2769 :  12 14 15 16 27 32 35 40 43 44 47 56 63 69 74 76 78 88 101 120 121 123 131 144 148 149 150 163 174 175 177 183 191 195 209 217 221 224 227 230 236 254 265 267 284 295 305 310 319 330 344 352 363 369 386 396 398 400
         39 :    3029 :  1 3 4 7 19 23 25 34 36 37 45 57 65 68 77 83 90 112 122 125 154 167 169 171 179 181 189 197 204 210 213 215 223 233 239 255 262 263 268 271 279 283 292 299 311 312 313 324 328 329 348 349 356 364 383 393
         43 :    2510 :  9 17 18 21 24 51 61 67 70 75 82 97 99 103 105 118 119 127 134 142 147 152 161 173 182 185 186 188 211 212 214 218 220 243 246 257 261 274 280 321 332 335 338 365 373 374 375 378 384 392 397 399
         48 :    2342 :  30 38 46 55 60 66 71 80 95 109 124 128 129 132 133 138 141 146 151 156 162 166 187 194 198 205 207 247 264 273 275 281 288 289 294 314 334 343 350 358 360 380 385 391 394 395
         54 :    3532 :  6 8 11 22 29 31 39 48 49 81 85 100 106 113 114 126 130 136 140 143 157 158 160 164 165 170 190 193 196 203 222 226 229 235 237 245 248 249 253 256 259 266 269 272 277 286 287 291 298 300 304 309 322 323 327 331 336 342 345 346 347 355 357 359 361 368 371 376 379 381 387
         70 :    3483 :  2 10 13 26 28 42 53 54 72 79 86 87 92 104 107 108 110 111 137 139 145 153 178 184 192 200 206 208 228 231 232 234 242 250 252 258 270 276 278 282 285 290 301 302 303 306 307 308 315 317 318 326 333 337 339 340 341 351 353 362 372 388 390
         99 :    2999 :  5 20 33 41 50 52 58 59 62 64 73 84 89 91 93 94 96 98 102 115 116 117 135 155 159 168 172 176 180 199 201 202 216 219 225 238 240 241 244 251 260 293 296 297 316 320 325 354 366 367 370 377 382 389
--------------------------------------------------

Facilidades instaladas (y): [0 0 0 1 0 0 0 0 0 0 0 0 0 0 0 0 0 0 0 0 1 0 0 1 0 0 0 1 0 0 0 0 0 0 0 0 0
 0 1 0 0 0 0 0 1 0 0 0 0 0 0 0 0 0 0 0 0 0 0 0 0 0 0 0 0 0 0 0 0 0 0 0 0 0
 0 0 0 0 0 0 0 1 0 0 0 0 0 0 0 0 0 0 0 0 0 0 0 0 0 0]
Custo:  1875530.0
Tempo execucao           :       0.0169 s.
facilidades : demanda : clientes
          4 :    3295 :  10 13 26 33 36 42 53 59 65 84 92 96 98 102 104 107 111 135 137 168 178 184 199 200 202 206 208 213 223 228 231 232 234 241 252 258 263 270 271 276 278 285 297 302 303 308 313 315 318 326 333 339 340 351 353 354 364 366 367 372 382 383 390
         21 :     228 :  179 312 324
         24 :    5214 :  1 7 12 14 15 19 24 25 27 30 32 38 40 43 45 46 55 56 60 61 66 71 74 76 80 83 95 99 109 120 121 123 124 125 127 128 129 132 133 138 141 142 144 146 148 150 151 154 156 161 162 166 171 175 177 181 185 187 189 194 198 205 207 209 220 224 236 247 254 262 264 273 275 281 288 289 292 294 295 305 311 314 319 330 334 335 338 343 344 350 356 358 360 369 380 385 386 391 394 395 396 397 398 400
         28 :    1588 :  3 5 37 41 50 52 57 58 62 64 73 91 94 115 167 176 201 216 219 240 244 251 296 320 325 370 377 389
         39 :    4272 :  2 4 9 17 18 21 28 51 54 67 68 70 72 75 77 79 82 86 87 90 97 103 105 108 110 118 119 122 134 139 145 147 152 153 169 173 182 186 188 192 197 204 210 211 212 214 218 233 239 242 243 246 250 257 261 268 274 279 280 282 283 290 301 306 307 317 321 329 332 337 341 348 362 365 373 374 375 378 384 388 392 393 399
         45 :    5175 :  6 8 11 16 22 23 29 31 34 35 39 44 47 48 49 63 69 78 81 85 88 89 100 101 106 112 113 114 126 130 131 136 140 143 149 157 158 160 163 164 165 170 174 183 190 191 193 195 196 203 215 217 221 222 226 227 229 230 235 237 245 248 249 253 256 259 265 266 267 269 272 277 284 286 287 291 298 300 304 309 310 316 322 323 327 328 331 336 342 345 346 347 352 355 357 359 361 363 368 371 376 379 381 387
         82 :     892 :  20 93 116 117 155 159 172 180 225 238 255 260 293 299 349
--------------------------------------------------

Iteração 399: Melhoria encontrada. Novo custo: 1722465.00
 Melhoria encontrada: Custo 1875530.00 -> 1722465.00
Tempo execucao           :       0.0460 s.
--------------------------------------------------

GAP:  -87.622542612151
--------------------------------------------------

Tempo execucao           :      42.5652 s.
2022056242, 500, 100, 5
--------------------------------------------------

Dados Construidos!
--------------------------------------------------

Custo total              :   1372597.00.
Tempo execucao           :        61.35 s.
facilidades : demanda : clientes 
          5 :    5802 :  3 11 12 28 34 37 39 42 44 46 49 53 57 68 88 89 91 92 94 96 98 99 101 108 109 111 112 116 117 118 128 133 142 155 158 159 161 162 164 171 173 177 185 194 197 203 204 213 217 221 222 224 234 235 240 255 256 257 259 262 265 268 272 273 277 278 291 299 302 304 310 311 315 323 325 327 331 336 347 353 355 362 364 366 369 370 378 379 387 390 391 394 405 408 416 423 425 431 440 443 445 457 459 460 470 471 478 480 481 491 493 494
         43 :    5444 :  9 19 25 26 29 40 51 52 58 59 60 61 65 71 73 83 84 102 103 107 122 135 137 141 157 160 167 168 169 170 183 186 196 199 201 202 207 208 211 212 218 220 223 226 239 244 253 258 260 264 267 269 270 271 275 276 283 285 289 292 294 303 321 322 324 333 334 335 343 346 356 375 380 381 383 392 398 414 420 421 424 428 432 436 438 446 450 451 454 456 462 464 472 475 476 479 482 485 495 496
         49 :    5004 :  5 7 10 13 18 22 23 27 33 36 38 41 43 47 55 62 64 66 70 72 76 85 86 87 90 95 100 105 113 114 119 120 121 123 129 136 140 144 149 152 153 154 156 165 172 174 176 178 179 181 187 191 210 214 228 231 241 242 247 248 261 274 281 286 288 297 301 305 317 332 340 341 342 345 351 352 358 359 361 363 374 376 385 386 389 396 397 399 403 409 410 415 417 419 426 435 442 452 453 458 461 469 483 484 487 489 492 497
         70 :    3880 :  6 8 15 16 17 24 31 48 56 63 69 74 81 82 97 104 124 125 126 131 132 139 143 145 151 163 166 189 190 192 195 198 205 216 227 232 233 237 245 252 254 263 266 287 290 298 312 313 314 320 326 337 339 344 349 354 367 368 371 373 377 384 393 395 400 401 402 404 422 427 447 466 468 473 477 486 498 500
         78 :    5459 :  1 2 4 14 20 21 30 32 35 45 50 54 67 75 77 78 79 80 93 106 110 115 127 130 134 138 146 147 148 150 175 180 182 184 188 193 200 206 209 215 219 225 229 230 236 238 243 246 249 250 251 279 280 282 284 293 295 296 300 306 307 308 309 316 318 319 328 329 330 338 348 350 357 360 365 372 382 388 406 407 411 412 413 418 429 430 433 434 437 439 441 444 448 449 455 463 465 467 474 488 490 499
--------------------------------------------------

Facilidades instaladas (y): [0 0 0 0 0 0 0 0 0 0 0 0 0 0 0 0 0 0 0 0 0 0 0 0 0 0 0 0 0 0 0 0 0 0 0 0 0
 0 0 0 0 0 0 0 0 0 0 0 0 0 0 0 0 0 1 0 0 0 0 0 0 0 0 0 0 0 0 0 0 0 0 0 0 0
 0 0 0 1 0 1 0 1 0 0 0 0 0 0 0 0 1 0 0 0 0 0 0 0 0 0]
Custo:  2551682.0
Tempo execucao           :       0.0217 s.
facilidades : demanda : clientes
         55 :       0 : 
         78 :    6176 :  4 9 19 21 25 26 29 32 40 51 52 58 59 60 61 65 67 71 73 83 84 102 103 107 110 122 127 135 137 139 143 147 157 160 166 167 168 169 170 183 186 193 196 199 201 202 207 208 211 212 218 223 225 226 236 239 244 258 260 264 265 267 269 271 283 289 292 300 303 306 307 316 321 322 324 333 334 335 338 343 346 350 356 357 375 381 383 392 398 401 412 414 420 421 424 428 432 436 438 439 446 450 451 454 456 462 464 466 467 468 472 474 475 476 479 482 485 495
         80 :   11931 :  2 3 6 7 8 11 12 15 16 17 20 24 28 31 34 37 39 42 44 46 48 49 53 56 57 63 68 69 74 77 80 81 82 88 89 91 92 93 94 96 97 98 99 100 101 104 106 108 109 111 112 114 116 117 118 124 125 126 128 130 131 132 133 134 138 142 145 151 155 158 159 161 162 163 164 171 173 175 177 184 185 189 190 192 194 195 197 198 203 204 205 213 215 216 217 219 221 222 224 227 230 232 233 234 235 237 240 241 243 245 249 252 254 255 256 257 259 262 263 266 268 272 273 277 278 279 280 282 284 287 288 290 291 293 295 296 298 299 302 304 310 311 312 313 314 315 318 320 323 325 326 327 328 329 331 336 337 339 344 347 348 349 353 354 355 362 364 366 368 369 370 371 373 377 378 379 382 384 387 388 390 391 393 394 395 400 402 404 405 408 410 413 416 418 422 423 425 427 431 434 440 441 443 444 445 447 449 457 459 460 463 465 470 471 473 477 478 480 481 486 491 493 494 498 500
         82 :    2753 :  5 13 14 18 23 30 33 41 45 62 70 90 95 119 129 144 148 149 153 165 178 179 181 187 188 191 228 231 247 261 281 317 332 345 351 359 361 363 365 372 389 396 403 407 415 417 419 426 435 442 452 453 455 487 489 492
         91 :    4729 :  1 10 22 27 35 36 38 43 47 50 54 55 64 66 72 75 76 78 79 85 86 87 105 113 115 120 121 123 136 140 141 146 150 152 154 156 172 174 176 180 182 200 206 209 210 214 220 229 238 242 246 248 250 251 253 270 274 275 276 285 286 294 297 301 305 308 309 319 330 340 341 342 352 358 360 367 374 376 380 385 386 397 399 406 409 411 429 430 433 437 448 458 461 469 483 484 488 490 496 497 499
--------------------------------------------------

Iteração 499: Melhoria encontrada. Novo custo: 2241291.00
 Melhoria encontrada: Custo 2551682.00 -> 2241291.00
Tempo execucao           :       0.0584 s.
--------------------------------------------------

GAP:  -63.28835047723403
--------------------------------------------------

Tempo execucao           :      62.1778 s.
2022056242, 500, 100, 7
--------------------------------------------------

Dados Construidos!
--------------------------------------------------

Custo total              :   1144512.00.
Tempo execucao           :        22.22 s.
facilidades : demanda : clientes 
         12 :    2570 :  1 35 38 50 54 55 71 75 78 79 120 121 141 146 167 180 182 200 209 220 225 229 238 246 250 253 269 270 275 276 285 294 300 308 309 319 330 334 356 360 380 386 406 411 412 421 429 430 437 448 454 466 483 488 490 496
         16 :    4739 :  9 19 25 26 29 40 51 52 58 59 60 61 65 73 83 84 102 103 107 110 122 135 137 147 157 160 168 169 170 175 186 196 199 201 202 207 208 211 212 218 223 226 236 239 244 258 260 267 271 283 289 292 303 321 322 324 333 335 343 346 350 375 381 383 392 398 414 420 424 428 432 436 438 446 450 451 456 462 464 472 475 476 479 482 485 495
         47 :    3559 :  7 28 34 37 42 49 88 91 94 96 99 100 101 108 109 111 117 118 128 142 155 161 185 194 203 213 221 224 240 241 255 262 265 272 278 302 310 311 325 327 336 345 347 362 364 366 369 378 379 387 390 394 408 410 423 431 435 440 443 445 459 460 478 480 481 491 493 494
         49 :    4402 :  5 10 13 18 22 27 33 36 41 43 47 62 64 66 70 72 76 85 86 87 90 95 105 113 115 119 123 129 136 138 140 144 149 152 153 154 156 165 172 174 176 178 179 181 187 188 191 210 214 228 231 242 247 248 261 274 281 286 297 301 305 317 332 340 341 342 351 352 358 359 361 363 374 376 385 389 396 397 399 403 409 415 417 419 426 433 452 453 458 461 469 484 487 489 492 497
         80 :    4703 :  2 4 14 20 21 23 30 32 39 45 53 57 67 77 80 92 93 106 114 116 127 130 134 148 150 162 184 193 206 215 219 230 234 243 249 251 254 256 257 259 266 279 280 282 284 288 291 293 295 296 306 307 316 318 328 329 338 348 353 357 365 372 382 388 407 413 416 418 434 439 441 442 444 449 455 463 465 467 468 473 474 499 500
         97 :    2794 :  6 8 15 16 17 31 48 56 63 69 81 82 97 124 126 131 132 139 143 145 163 166 183 189 192 205 216 227 232 233 237 252 263 264 287 290 313 314 320 326 337 339 344 349 377 384 393 400 401 402 404 422 427 447 477 498
         98 :    2822 :  3 11 12 24 44 46 68 74 89 98 104 112 125 133 151 158 159 164 171 173 177 190 195 197 198 204 217 222 235 245 268 273 277 298 299 304 312 315 323 331 354 355 367 368 370 371 373 391 395 405 425 457 470 471 486
--------------------------------------------------

Facilidades instaladas (y): [0 0 0 0 0 0 0 0 0 0 0 0 0 0 0 0 0 0 0 0 0 0 0 0 0 0 0 0 0 0 0 0 0 0 0 0 0
 0 0 0 0 0 0 0 0 0 0 0 0 0 0 0 0 0 1 0 0 0 0 0 1 0 0 0 0 0 0 0 0 0 0 0 1 0
 0 0 0 1 0 1 0 1 0 0 0 0 0 0 0 0 1 0 0 0 0 0 0 0 0 0]
Custo:  2189871.0
Tempo execucao           :       0.0214 s.
facilidades : demanda : clientes
         55 :       0 : 
         61 :    6455 :  3 8 11 12 15 16 17 24 31 37 44 46 49 56 63 68 69 74 81 82 89 98 99 104 112 116 124 125 126 131 132 133 138 145 151 158 159 163 164 171 173 177 189 190 192 195 197 198 204 205 213 215 216 217 222 227 232 233 234 235 237 240 245 252 254 263 266 268 272 273 277 287 290 291 298 299 304 312 313 314 315 318 320 323 326 331 337 339 347 349 354 355 368 369 370 371 373 377 379 391 393 395 400 402 404 405 408 422 423 425 427 447 449 457 470 471 473 477 478 486 498 500
         73 :    4626 :  2 5 7 13 18 23 28 34 39 41 42 53 57 62 88 91 92 94 96 100 101 108 109 111 114 117 118 119 128 130 142 144 149 155 161 162 165 185 187 194 203 221 224 228 241 255 256 257 259 262 278 284 288 296 302 310 311 325 327 329 336 345 353 359 362 363 364 366 378 387 389 390 394 396 403 410 416 431 435 440 442 443 445 459 460 463 480 481 491 492 493 494
         78 :    6176 :  4 9 19 21 25 26 29 32 40 51 52 58 59 60 61 65 67 71 73 83 84 102 103 107 110 122 127 135 137 139 143 147 157 160 166 167 168 169 170 183 186 193 196 199 201 202 207 208 211 212 218 223 225 226 236 239 244 258 260 264 265 267 269 271 283 289 292 300 303 306 307 316 321 322 324 333 334 335 338 343 346 350 356 357 375 381 383 392 398 401 412 414 420 421 424 428 432 436 438 439 446 450 451 454 456 462 464 466 467 468 472 474 475 476 479 482 485 495
         80 :    1796 :  6 20 48 77 80 93 97 106 134 175 184 219 230 243 249 279 280 282 293 295 328 344 348 382 384 388 413 418 434 441 444 465
         82 :    1807 :  14 30 33 45 70 90 95 129 148 153 178 179 181 188 191 231 247 261 281 317 332 351 361 365 372 407 415 417 419 426 452 453 455 487 489
         91 :    4729 :  1 10 22 27 35 36 38 43 47 50 54 55 64 66 72 75 76 78 79 85 86 87 105 113 115 120 121 123 136 140 141 146 150 152 154 156 172 174 176 180 182 200 206 209 210 214 220 229 238 242 246 248 250 251 253 270 274 275 276 285 286 294 297 301 305 308 309 319 330 340 341 342 352 358 360 367 374 376 380 385 386 397 399 406 409 411 429 430 433 437 448 458 461 469 483 484 488 490 496 497 499
--------------------------------------------------

Iteração 499: Melhoria encontrada. Novo custo: 1980993.00
 Melhoria encontrada: Custo 2189871.00 -> 1980993.00
Tempo execucao           :       0.0586 s.
--------------------------------------------------

GAP:  -73.08625859755075
--------------------------------------------------

Tempo execucao           :      23.0745 s.
2022056242, 500, 100, 10
--------------------------------------------------

Dados Construidos!
--------------------------------------------------

Custo total              :    933986.00.
Tempo execucao           :        36.94 s.
facilidades : demanda : clientes 
          1 :    2640 :  12 37 42 46 49 88 91 98 99 111 112 117 118 133 138 142 155 161 164 185 203 213 217 224 235 240 268 272 299 304 323 325 347 355 364 369 370 378 379 405 408 423 425 445 459 460 478 480 481 491 493 494
         12 :    1981 :  35 50 54 55 71 75 78 120 121 141 146 182 200 220 225 238 246 253 270 275 276 285 294 300 308 309 319 330 334 360 380 386 406 429 430 437 448 454 488 496
         34 :    2151 :  5 7 13 18 28 34 41 62 94 95 96 101 108 109 119 144 149 165 187 228 241 255 265 302 311 345 351 359 363 366 389 390 394 396 403 410 431 435 440 452 466 492
         46 :    3146 :  10 22 27 33 36 38 43 47 64 66 70 72 76 85 86 87 90 105 113 123 129 152 153 154 156 172 174 176 178 179 181 191 210 214 231 242 247 248 261 274 281 286 297 301 305 317 340 341 342 352 358 361 374 376 385 397 399 409 415 417 419 426 458 461 469 483 484 487 497
         62 :    2454 :  3 8 11 24 44 68 74 89 104 125 151 159 163 173 177 190 195 197 198 204 215 222 245 254 266 273 290 291 298 312 315 318 328 331 339 354 368 371 373 391 395 449 470 471 473 477 486 500
         66 :    2569 :  19 29 40 60 61 65 73 102 107 160 167 168 170 202 211 218 239 244 258 269 271 283 289 321 322 333 343 356 367 375 381 383 414 421 424 438 446 451 456 464 472 475 476 482 485 495
         73 :    2718 :  2 23 39 53 57 77 92 100 106 114 116 128 130 158 162 171 184 194 221 230 234 249 256 257 259 262 277 278 279 284 288 295 296 310 327 329 336 353 362 382 387 388 413 416 442 443 457 463 465
         91 :    1924 :  1 14 21 30 32 45 79 115 127 136 140 148 150 180 188 206 209 229 250 251 280 293 306 307 332 365 372 407 411 412 433 453 455 468 489 490 499
         95 :    3556 :  4 6 9 20 25 26 51 52 58 59 67 80 83 84 93 103 110 122 134 135 137 147 157 169 186 193 196 199 201 207 208 212 219 223 226 236 243 260 264 267 282 292 303 316 324 335 338 346 348 350 357 392 398 418 420 428 432 434 436 439 441 444 450 462 467 474 479
         97 :    2450 :  15 16 17 31 48 56 63 69 81 82 97 124 126 131 132 139 143 145 166 175 183 189 192 205 216 227 232 233 237 252 263 287 313 314 320 326 337 344 349 377 384 393 400 401 402 404 422 427 447 498
--------------------------------------------------

Facilidades instaladas (y): [0 0 0 0 0 0 0 0 0 0 0 0 0 0 0 0 0 0 0 0 0 0 1 0 1 0 0 0 0 0 0 0 0 0 0 0 0
 0 0 0 0 0 0 0 1 0 0 0 0 0 0 0 0 0 1 0 0 0 0 0 1 0 0 0 0 0 0 0 0 0 0 0 1 0
 0 0 0 1 0 1 0 1 0 0 0 0 0 0 0 0 1 0 0 0 0 0 0 0 0 0]
Custo:  1851878.0
Tempo execucao           :       0.0224 s.
facilidades : demanda : clientes
         23 :    5069 :  5 10 13 18 22 27 33 36 38 41 43 45 47 55 62 64 66 70 72 76 85 86 87 90 95 105 113 115 120 121 123 129 136 140 144 149 152 153 154 156 165 172 174 176 178 179 181 187 188 191 206 209 210 214 228 231 242 247 248 261 274 281 286 297 301 305 317 319 332 340 341 342 351 352 358 359 361 365 367 374 376 385 386 389 397 399 403 409 415 417 419 426 429 433 448 452 453 455 458 461 469 483 484 487 489 490 497
         25 :    2376 :  8 15 16 24 31 69 74 82 125 126 131 132 145 151 163 189 190 198 215 216 230 233 237 252 254 263 266 287 290 298 312 313 318 328 339 354 368 373 402 427 447 449 473 477 486 500
         45 :    5339 :  6 9 17 19 20 25 26 29 48 51 52 56 58 59 60 61 63 80 81 83 84 93 97 102 110 122 124 134 135 137 139 143 147 157 160 166 168 169 175 183 186 192 196 199 205 207 208 211 212 219 223 227 232 239 243 258 260 264 267 282 283 292 303 314 320 324 326 335 337 338 344 348 349 357 377 381 384 392 393 400 401 404 418 420 422 428 432 436 438 439 441 444 450 456 462 466 468 474 475 476 479 482 498
         55 :       0 : 
         61 :    3141 :  3 11 12 37 44 46 49 68 89 98 99 104 112 116 133 138 158 159 164 171 173 177 195 197 204 213 217 222 234 235 240 245 268 272 273 277 291 299 304 315 323 331 347 355 369 370 371 379 391 395 405 408 423 425 457 470 471 478
         73 :    3917 :  2 7 23 28 34 39 42 53 57 88 91 92 94 96 100 101 108 109 111 114 117 118 119 128 130 142 155 161 162 185 194 203 221 224 241 255 256 257 259 262 278 284 288 296 302 310 311 325 327 329 336 345 353 362 363 364 366 378 387 390 394 396 410 416 431 435 440 442 443 445 459 460 463 480 481 491 492 493 494
         78 :    2696 :  4 21 32 40 65 67 71 73 103 107 127 167 170 193 201 202 218 225 226 236 244 265 269 271 289 300 306 307 316 321 322 333 334 343 346 350 356 375 383 398 412 414 421 424 446 451 454 464 467 472 485 495
         80 :     875 :  77 106 184 249 279 280 293 295 382 388 413 434 465
         82 :     378 :  14 30 148 372 407
         91 :    1798 :  1 35 50 54 75 78 79 141 146 150 180 182 200 220 229 238 246 250 251 253 270 275 276 285 294 308 309 330 360 380 406 411 430 437 488 496 499
--------------------------------------------------

Iteração 499: Melhoria encontrada. Novo custo: 1597789.00
 Melhoria encontrada: Custo 1851878.00 -> 1597789.00
Tempo execucao           :       0.0596 s.
--------------------------------------------------

GAP:  -71.07205033051888
--------------------------------------------------

Tempo execucao           :      37.8031 s.
2022056242, 600, 100, 5
--------------------------------------------------

Dados Construidos!
--------------------------------------------------

Custo total              :   1372597.00.
Tempo execucao           :        62.32 s.
facilidades : demanda : clientes 
          5 :    5802 :  3 11 12 28 34 37 39 42 44 46 49 53 57 68 88 89 91 92 94 96 98 99 101 108 109 111 112 116 117 118 128 133 142 155 158 159 161 162 164 171 173 177 185 194 197 203 204 213 217 221 222 224 234 235 240 255 256 257 259 262 265 268 272 273 277 278 291 299 302 304 310 311 315 323 325 327 331 336 347 353 355 362 364 366 369 370 378 379 387 390 391 394 405 408 416 423 425 431 440 443 445 457 459 460 470 471 478 480 481 491 493 494
         43 :    5444 :  9 19 25 26 29 40 51 52 58 59 60 61 65 71 73 83 84 102 103 107 122 135 137 141 157 160 167 168 169 170 183 186 196 199 201 202 207 208 211 212 218 220 223 226 239 244 253 258 260 264 267 269 270 271 275 276 283 285 289 292 294 303 321 322 324 333 334 335 343 346 356 375 380 381 383 392 398 414 420 421 424 428 432 436 438 446 450 451 454 456 462 464 472 475 476 479 482 485 495 496
         49 :    5004 :  5 7 10 13 18 22 23 27 33 36 38 41 43 47 55 62 64 66 70 72 76 85 86 87 90 95 100 105 113 114 119 120 121 123 129 136 140 144 149 152 153 154 156 165 172 174 176 178 179 181 187 191 210 214 228 231 241 242 247 248 261 274 281 286 288 297 301 305 317 332 340 341 342 345 351 352 358 359 361 363 374 376 385 386 389 396 397 399 403 409 410 415 417 419 426 435 442 452 453 458 461 469 483 484 487 489 492 497
         70 :    3880 :  6 8 15 16 17 24 31 48 56 63 69 74 81 82 97 104 124 125 126 131 132 139 143 145 151 163 166 189 190 192 195 198 205 216 227 232 233 237 245 252 254 263 266 287 290 298 312 313 314 320 326 337 339 344 349 354 367 368 371 373 377 384 393 395 400 401 402 404 422 427 447 466 468 473 477 486 498 500
         78 :    5459 :  1 2 4 14 20 21 30 32 35 45 50 54 67 75 77 78 79 80 93 106 110 115 127 130 134 138 146 147 148 150 175 180 182 184 188 193 200 206 209 215 219 225 229 230 236 238 243 246 249 250 251 279 280 282 284 293 295 296 300 306 307 308 309 316 318 319 328 329 330 338 348 350 357 360 365 372 382 388 406 407 411 412 413 418 429 430 433 434 437 439 441 444 448 449 455 463 465 467 474 488 490 499
--------------------------------------------------

Facilidades instaladas (y): [0 0 0 0 0 0 0 0 0 0 0 0 0 0 0 0 0 0 0 0 0 0 0 0 0 0 0 0 0 0 0 0 0 0 0 0 0
 0 0 0 0 0 0 0 0 0 0 0 0 0 0 0 0 0 1 0 0 0 0 0 0 0 0 0 0 0 0 0 0 0 0 0 0 0
 0 0 0 1 0 1 0 1 0 0 0 0 0 0 0 0 1 0 0 0 0 0 0 0 0 0]
Custo:  2551682.0
Tempo execucao           :       0.0218 s.
facilidades : demanda : clientes
         55 :       0 : 
         78 :    6176 :  4 9 19 21 25 26 29 32 40 51 52 58 59 60 61 65 67 71 73 83 84 102 103 107 110 122 127 135 137 139 143 147 157 160 166 167 168 169 170 183 186 193 196 199 201 202 207 208 211 212 218 223 225 226 236 239 244 258 260 264 265 267 269 271 283 289 292 300 303 306 307 316 321 322 324 333 334 335 338 343 346 350 356 357 375 381 383 392 398 401 412 414 420 421 424 428 432 436 438 439 446 450 451 454 456 462 464 466 467 468 472 474 475 476 479 482 485 495
         80 :   11931 :  2 3 6 7 8 11 12 15 16 17 20 24 28 31 34 37 39 42 44 46 48 49 53 56 57 63 68 69 74 77 80 81 82 88 89 91 92 93 94 96 97 98 99 100 101 104 106 108 109 111 112 114 116 117 118 124 125 126 128 130 131 132 133 134 138 142 145 151 155 158 159 161 162 163 164 171 173 175 177 184 185 189 190 192 194 195 197 198 203 204 205 213 215 216 217 219 221 222 224 227 230 232 233 234 235 237 240 241 243 245 249 252 254 255 256 257 259 262 263 266 268 272 273 277 278 279 280 282 284 287 288 290 291 293 295 296 298 299 302 304 310 311 312 313 314 315 318 320 323 325 326 327 328 329 331 336 337 339 344 347 348 349 353 354 355 362 364 366 368 369 370 371 373 377 378 379 382 384 387 388 390 391 393 394 395 400 402 404 405 408 410 413 416 418 422 423 425 427 431 434 440 441 443 444 445 447 449 457 459 460 463 465 470 471 473 477 478 480 481 486 491 493 494 498 500
         82 :    2753 :  5 13 14 18 23 30 33 41 45 62 70 90 95 119 129 144 148 149 153 165 178 179 181 187 188 191 228 231 247 261 281 317 332 345 351 359 361 363 365 372 389 396 403 407 415 417 419 426 435 442 452 453 455 487 489 492
         91 :    4729 :  1 10 22 27 35 36 38 43 47 50 54 55 64 66 72 75 76 78 79 85 86 87 105 113 115 120 121 123 136 140 141 146 150 152 154 156 172 174 176 180 182 200 206 209 210 214 220 229 238 242 246 248 250 251 253 270 274 275 276 285 286 294 297 301 305 308 309 319 330 340 341 342 352 358 360 367 374 376 380 385 386 397 399 406 409 411 429 430 433 437 448 458 461 469 483 484 488 490 496 497 499
--------------------------------------------------

Iteração 499: Melhoria encontrada. Novo custo: 2241291.00
 Melhoria encontrada: Custo 2551682.00 -> 2241291.00
Tempo execucao           :       0.0578 s.
--------------------------------------------------

GAP:  -63.28835047723403
--------------------------------------------------

Tempo execucao           :      63.1526 s.
2022056242, 600, 100, 7
--------------------------------------------------

Dados Construidos!
--------------------------------------------------

Custo total              :   1326333.00.
Tempo execucao           :        29.30 s.
facilidades : demanda : clientes 
          3 :    4006 :  2 24 34 37 49 50 63 73 82 84 87 91 104 119 120 141 150 172 176 187 191 200 206 211 223 236 237 239 241 248 250 252 253 263 273 275 285 286 295 305 314 329 339 345 364 370 373 375 391 396 398 401 406 422 424 425 430 431 457 468 482 496 502 512 518 535 537 539 562 588 592
          7 :    4222 :  4 19 23 27 33 42 44 47 52 62 76 80 86 97 101 106 109 110 111 122 129 131 135 136 144 145 148 167 171 185 188 199 204 205 218 238 243 245 258 262 274 289 297 298 308 315 316 318 320 322 324 331 333 342 346 353 356 360 366 372 374 376 383 399 409 410 415 418 426 441 444 446 449 454 467 488 491 498 499 503 506 507 509 513 526 532 540 559 570 575 585 589 591
         10 :    3516 :  5 13 20 26 38 39 54 79 81 83 88 89 96 100 102 114 123 126 132 138 140 146 149 162 173 184 189 190 194 209 217 220 221 244 247 265 270 271 277 283 294 301 306 334 341 350 357 358 359 361 367 379 384 404 455 471 472 481 485 490 493 501 511 527 544 554 556 557 558 567 573 577 580
         40 :    4022 :  7 11 12 21 29 32 35 36 43 70 72 77 78 93 98 103 105 107 113 133 137 139 157 163 166 177 186 195 203 207 208 210 227 231 233 254 257 264 266 276 287 299 309 317 337 343 354 363 368 369 386 387 390 394 405 412 440 445 447 453 456 459 461 469 476 478 480 497 517 528 531 547 548 560 561 568 579 583 595 596 598
         53 :    5313 :  6 10 14 45 48 51 53 56 57 58 65 66 68 71 74 75 85 95 99 112 115 118 142 151 160 170 178 181 197 198 212 213 214 216 219 229 235 259 267 268 280 282 284 293 302 304 310 319 321 323 326 335 336 344 347 351 362 365 380 388 392 397 400 402 414 416 417 420 435 437 438 448 450 451 458 462 464 465 474 475 483 484 486 492 504 515 516 521 530 536 538 545 553 569 571 574 581 590 593 594 599
         58 :    3491 :  1 3 25 31 46 55 61 69 90 108 116 121 128 130 134 147 152 154 155 161 174 175 179 192 202 225 230 234 255 256 261 269 272 288 296 311 312 325 327 328 330 348 352 382 427 428 434 443 460 470 477 487 489 494 505 519 520 522 524 541 542 551 555 576 584 586 587 597 600
         68 :    5585 :  8 9 15 16 17 18 22 28 30 40 41 59 60 64 67 92 94 117 124 125 127 143 153 156 158 159 164 165 168 169 180 182 183 193 196 201 215 222 224 226 228 232 240 242 246 249 251 260 278 279 281 290 291 292 300 303 307 313 332 338 340 349 355 371 377 378 381 385 389 393 395 403 407 408 411 413 419 421 423 429 432 433 436 439 442 452 463 466 473 479 495 500 508 510 514 523 525 529 533 534 543 546 549 550 552 563 564 565 566 572 578 582
--------------------------------------------------

Facilidades instaladas (y): [0 0 1 1 0 0 0 0 0 0 0 0 0 0 0 0 0 0 0 1 0 0 0 0 0 0 0 0 1 0 0 0 0 0 0 0 0
 0 0 0 0 0 0 0 0 0 0 0 0 0 0 0 0 0 0 0 0 0 0 0 0 1 0 0 0 0 0 0 1 0 0 0 0 0
 0 0 0 1 0 0 0 0 0 0 0 0 0 0 0 0 0 0 0 0 0 0 0 0 0 0]
Custo:  2383601.0
Tempo execucao           :       0.0258 s.
facilidades : demanda : clientes
          3 :    1063 :  34 50 63 73 187 206 236 237 250 252 339 345 370 391 512 537
          4 :     779 :  60 150 158 183 193 201 226 263 273 307 313 340 371 375 424 425 529 564 582
         20 :    3059 :  2 4 23 27 33 42 47 62 72 80 86 97 105 110 111 129 131 135 136 145 148 171 188 199 204 205 238 258 262 274 289 297 298 315 322 324 329 331 333 342 356 364 366 372 374 376 383 390 410 412 415 418 426 441 446 478 480 498 503 506 513 526 532 539 559 570 585 591
         29 :    5668 :  8 9 15 16 17 18 22 24 30 40 41 59 64 67 79 91 92 94 96 100 104 114 117 123 125 126 127 140 143 153 156 159 164 165 168 169 175 176 180 196 200 215 217 221 222 224 228 239 240 246 249 260 278 279 281 290 292 295 300 303 314 332 338 341 349 355 358 377 381 385 389 393 395 396 401 403 407 408 413 419 421 423 429 431 432 433 436 439 442 452 463 466 473 495 500 508 514 523 525 533 534 543 546 549 550 552 558 563 566 572 573 578
         62 :    4760 :  7 11 12 21 28 29 32 35 36 43 44 70 77 78 84 93 98 103 107 109 113 124 133 137 139 157 163 166 167 177 182 186 195 203 207 208 210 227 231 232 233 242 243 251 254 257 264 265 266 276 287 291 299 309 317 337 343 354 363 368 369 378 386 387 394 405 411 440 445 447 453 454 456 459 461 469 476 479 497 509 510 517 528 531 535 547 548 560 561 565 568 579 583 589 595 596 598
         69 :    5598 :  5 13 20 26 31 37 38 39 54 61 81 82 83 88 89 102 108 120 130 132 146 147 149 152 155 161 162 172 173 179 184 189 190 194 202 209 211 220 223 244 247 248 255 269 270 271 275 277 283 285 288 294 296 301 305 306 311 325 328 330 334 350 352 357 359 361 379 384 398 404 406 427 428 430 434 443 455 457 470 471 472 477 481 482 485 490 493 496 501 502 505 511 519 522 527 541 544 551 554 556 557 567 576 577 580 584 586 588 592 597 600
         78 :    9228 :  1 3 6 10 14 19 25 45 46 48 49 51 52 53 55 56 57 58 65 66 68 69 71 74 75 76 85 87 90 95 99 101 106 112 115 116 118 119 121 122 128 134 138 141 142 144 151 154 160 170 174 178 181 185 191 192 197 198 212 213 214 216 218 219 225 229 230 234 235 241 245 253 256 259 261 267 268 272 280 282 284 286 293 302 304 308 310 312 316 318 319 320 321 323 326 327 335 336 344 346 347 348 351 353 360 362 365 367 373 380 382 388 392 397 399 400 402 409 414 416 417 420 422 435 437 438 444 448 449 450 451 458 460 462 464 465 467 468 474 475 483 484 486 487 488 489 491 492 494 499 504 507 515 516 518 520 521 524 530 536 538 540 542 545 553 555 562 569 571 574 575 581 587 590 593 594 599
--------------------------------------------------

Iteração 599: Melhoria encontrada. Novo custo: 2121171.00
 Melhoria encontrada: Custo 2383601.00 -> 2121171.00
Tempo execucao           :       0.0763 s.
--------------------------------------------------

GAP:  -59.927484274311205
--------------------------------------------------

Tempo execucao           :      30.3468 s.
2022056242, 600, 100, 10
--------------------------------------------------

Dados Construidos!
--------------------------------------------------

Custo total              :    933986.00.
Tempo execucao           :        37.19 s.
facilidades : demanda : clientes 
          1 :    2640 :  12 37 42 46 49 88 91 98 99 111 112 117 118 133 138 142 155 161 164 185 203 213 217 224 235 240 268 272 299 304 323 325 347 355 364 369 370 378 379 405 408 423 425 445 459 460 478 480 481 491 493 494
         12 :    1981 :  35 50 54 55 71 75 78 120 121 141 146 182 200 220 225 238 246 253 270 275 276 285 294 300 308 309 319 330 334 360 380 386 406 429 430 437 448 454 488 496
         34 :    2151 :  5 7 13 18 28 34 41 62 94 95 96 101 108 109 119 144 149 165 187 228 241 255 265 302 311 345 351 359 363 366 389 390 394 396 403 410 431 435 440 452 466 492
         46 :    3146 :  10 22 27 33 36 38 43 47 64 66 70 72 76 85 86 87 90 105 113 123 129 152 153 154 156 172 174 176 178 179 181 191 210 214 231 242 247 248 261 274 281 286 297 301 305 317 340 341 342 352 358 361 374 376 385 397 399 409 415 417 419 426 458 461 469 483 484 487 497
         62 :    2454 :  3 8 11 24 44 68 74 89 104 125 151 159 163 173 177 190 195 197 198 204 215 222 245 254 266 273 290 291 298 312 315 318 328 331 339 354 368 371 373 391 395 449 470 471 473 477 486 500
         66 :    2569 :  19 29 40 60 61 65 73 102 107 160 167 168 170 202 211 218 239 244 258 269 271 283 289 321 322 333 343 356 367 375 381 383 414 421 424 438 446 451 456 464 472 475 476 482 485 495
         73 :    2718 :  2 23 39 53 57 77 92 100 106 114 116 128 130 158 162 171 184 194 221 230 234 249 256 257 259 262 277 278 279 284 288 295 296 310 327 329 336 353 362 382 387 388 413 416 442 443 457 463 465
         91 :    1924 :  1 14 21 30 32 45 79 115 127 136 140 148 150 180 188 206 209 229 250 251 280 293 306 307 332 365 372 407 411 412 433 453 455 468 489 490 499
         95 :    3556 :  4 6 9 20 25 26 51 52 58 59 67 80 83 84 93 103 110 122 134 135 137 147 157 169 186 193 196 199 201 207 208 212 219 223 226 236 243 260 264 267 282 292 303 316 324 335 338 346 348 350 357 392 398 418 420 428 432 434 436 439 441 444 450 462 467 474 479
         97 :    2450 :  15 16 17 31 48 56 63 69 81 82 97 124 126 131 132 139 143 145 166 175 183 189 192 205 216 227 232 233 237 252 263 287 313 314 320 326 337 344 349 377 384 393 400 401 402 404 422 427 447 498
--------------------------------------------------

Facilidades instaladas (y): [0 0 0 0 0 0 0 0 0 0 0 0 0 0 0 0 0 0 0 0 0 0 1 0 1 0 0 0 0 0 0 0 0 0 0 0 0
 0 0 0 0 0 0 0 1 0 0 0 0 0 0 0 0 0 1 0 0 0 0 0 1 0 0 0 0 0 0 0 0 0 0 0 1 0
 0 0 0 1 0 1 0 1 0 0 0 0 0 0 0 0 1 0 0 0 0 0 0 0 0 0]
Custo:  1851878.0
Tempo execucao           :       0.0212 s.
facilidades : demanda : clientes
         23 :    5069 :  5 10 13 18 22 27 33 36 38 41 43 45 47 55 62 64 66 70 72 76 85 86 87 90 95 105 113 115 120 121 123 129 136 140 144 149 152 153 154 156 165 172 174 176 178 179 181 187 188 191 206 209 210 214 228 231 242 247 248 261 274 281 286 297 301 305 317 319 332 340 341 342 351 352 358 359 361 365 367 374 376 385 386 389 397 399 403 409 415 417 419 426 429 433 448 452 453 455 458 461 469 483 484 487 489 490 497
         25 :    2376 :  8 15 16 24 31 69 74 82 125 126 131 132 145 151 163 189 190 198 215 216 230 233 237 252 254 263 266 287 290 298 312 313 318 328 339 354 368 373 402 427 447 449 473 477 486 500
         45 :    5339 :  6 9 17 19 20 25 26 29 48 51 52 56 58 59 60 61 63 80 81 83 84 93 97 102 110 122 124 134 135 137 139 143 147 157 160 166 168 169 175 183 186 192 196 199 205 207 208 211 212 219 223 227 232 239 243 258 260 264 267 282 283 292 303 314 320 324 326 335 337 338 344 348 349 357 377 381 384 392 393 400 401 404 418 420 422 428 432 436 438 439 441 444 450 456 462 466 468 474 475 476 479 482 498
         55 :       0 : 
         61 :    3141 :  3 11 12 37 44 46 49 68 89 98 99 104 112 116 133 138 158 159 164 171 173 177 195 197 204 213 217 222 234 235 240 245 268 272 273 277 291 299 304 315 323 331 347 355 369 370 371 379 391 395 405 408 423 425 457 470 471 478
         73 :    3917 :  2 7 23 28 34 39 42 53 57 88 91 92 94 96 100 101 108 109 111 114 117 118 119 128 130 142 155 161 162 185 194 203 221 224 241 255 256 257 259 262 278 284 288 296 302 310 311 325 327 329 336 345 353 362 363 364 366 378 387 390 394 396 410 416 431 435 440 442 443 445 459 460 463 480 481 491 492 493 494
         78 :    2696 :  4 21 32 40 65 67 71 73 103 107 127 167 170 193 201 202 218 225 226 236 244 265 269 271 289 300 306 307 316 321 322 333 334 343 346 350 356 375 383 398 412 414 421 424 446 451 454 464 467 472 485 495
         80 :     875 :  77 106 184 249 279 280 293 295 382 388 413 434 465
         82 :     378 :  14 30 148 372 407
         91 :    1798 :  1 35 50 54 75 78 79 141 146 150 180 182 200 220 229 238 246 250 251 253 270 275 276 285 294 308 309 330 360 380 406 411 430 437 488 496 499
--------------------------------------------------

Iteração 499: Melhoria encontrada. Novo custo: 1597789.00
 Melhoria encontrada: Custo 1851878.00 -> 1597789.00
Tempo execucao           :       0.0574 s.
--------------------------------------------------

GAP:  -71.07205033051888
--------------------------------------------------

Tempo execucao           :      38.0644 s.